[0.00031623 0.00050533 0.0008075  0.00129037 0.00206199 0.00329501
 0.00526537 0.00841395 0.01344533 0.02148537 0.0343332  0.05486378
 0.08767124 0.14009691 0.22387211]
[[66.946 66.946 66.946 66.946 66.946 66.946 66.316 58.194 35.278 19.094
  15.25  13.684 13.094 12.686 13.564]
 [66.946 66.946 66.946 66.224 56.104 21.814  9.386  7.686  7.408  7.182
   6.906  6.872  6.9    7.49   9.87 ]
 [66.946 66.122 53.13  17.084  8.61   7.344  7.074  7.016  6.63   6.538
   6.462  6.592  6.758  7.898 14.594]]
[66.946 66.946 64.132 58.806 28.834 13.184  9.954  8.816  8.232  7.696
  7.602  8.296 10.25  13.262 14.916]
  
  